Input:[91, 143]->[-34, -31]
Output: [[95, 133], [98, 124], [100, 114], [101, 104], [101, 94], [100, 84], [98, 74], [95, 65], [91, 56], [86, 47], [80, 39], [74, 31], [67, 24], [59, 18], [50, 12], [45, 8], [46, 3], [46, 0], [46, -5], [45, -10], [44, -14], [42, -19], [40, -23], [38, -27], [35, -30], [31, -34], [28, -37], [24, -39], [20, -42], [16, -43], [11, -45], [7, -46], [2, -46], [-2, -46], [-6, -46], [-11, -45], [-15, -43], [-20, -42], [-24, -39], [-28, -37], [-31, -34]]

Input:[-29, -20]->[-78, -100]
Output: [[-36, -27], [-42, -35], [-47, -44], [-51, -53], [-55, -62], [-57, -72], [-58, -82], [-59, -92], [-66, -97], [-76, -99]]

Input:[62, -146]->[-72, -40]
Output: [[52, -143], [43, -139], [34, -135], [26, -129], [18, -123], [11, -115], [5, -108], [0, -99], [-4, -90], [-8, -82], [-17, -81], [-25, -79], [-32, -76], [-40, -72], [-47, -68], [-53, -63], [-60, -57], [-65, -51], [-70, -44]]

Input:[-122, 70]->[-131, -26]
Output: [[-113, 72], [-105, 82], [-96, 92], [-86, 101], [-76, 110], [-64, 117], [-52, 122], [-40, 127], [-27, 130], [-14, 133], [0, 133], [12, 133], [25, 131], [38, 128], [51, 123], [63, 117], [74, 110], [85, 102], [95, 93], [104, 83], [112, 72], [118, 61], [124, 49], [128, 36], [131, 23], [133, 10], [133, -3], [132, -16], [130, -29], [126, -42], [121, -55], [115, -66], [108, -78], [100, -88], [90, -98], [80, -106], [69, -114], [57, -120], [45, -125], [32, -129], [19, -132], [6, -133], [-7, -133], [-20, -132], [-33, -129], [-46, -125], [-58, -120], [-70, -113], [-81, -106], [-91, -97], [-100, -87], [-109, -77], [-116, -66], [-122, -54], [-127, -41], [-130, -28]]

Input:[69, 94]->[-125, -37]
Output: [[88, 88], [104, 78], [112, 67], [118, 56], [123, 44], [127, 31], [129, 18], [130, 5], [130, -7], [129, -20], [126, -33], [122, -45], [117, -57], [111, -69], [103, -80], [95, -89], [85, -99], [75, -107], [64, -114], [52, -120], [40, -124], [27, -128], [14, -130], [1, -131], [-11, -130], [-24, -128], [-36, -125], [-49, -121], [-61, -115], [-72, -109], [-83, -101], [-92, -92], [-101, -82], [-109, -72], [-115, -61], [-121, -49], [-125, -37]]

Input:[76, -36]->[-25, 121]
Output: [[86, -35], [96, -34], [106, -32], [115, -28], [122, -21], [124, -9], [124, 3], [123, 15], [121, 27], [117, 39], [113, 51], [107, 62], [100, 72], [93, 82], [84, 91], [74, 99], [64, 106], [53, 112], [42, 117], [30, 120], [17, 123], [5, 124], [-6, 124], [-19, 123], [-25, 121]]

Input:[-56, -131]->[125, -147]
Output: [[-52, -140], [-46, -148], [-40, -156], [-34, -164], [-26, -170], [-18, -176], [-10, -181], [0, -186], [8, -189], [18, -191], [34, -190], [53, -185], [71, -179], [89, -171], [106, -161], [121, -150]]

Input:[-130, -118]->[-77, 129]
Output: [[-108, -133], [-84, -143], [-60, -149], [-35, -150], [-16, -150], [-1, -151], [13, -150], [28, -148], [43, -144], [57, -139], [71, -133], [84, -125], [96, -116], [107, -106], [117, -95], [126, -82], [134, -69], [140, -55], [145, -41], [148, -26], [150, -11], [151, 3], [150, 18], [147, 33], [143, 47], [138, 61], [131, 75], [123, 88], [113, 99], [103, 110], [91, 120], [79, 129], [65, 136], [51, 142], [37, 146], [22, 149], [7, 151], [-7, 151], [-22, 149], [-37, 146], [-51, 142], [-65, 136], [-77, 129]]

Input:[22, 13]->[104, 72]
Output: [[30, 19], [37, 27], [43, 35], [48, 43], [52, 52], [56, 62], [63, 67], [73, 70], [83, 71], [93, 72], [103, 72]]

Input:[-125, -60]->[53, -78]
Output: [[-108, -74], [-90, -84], [-72, -90], [-53, -93], [-36, -92], [-23, -92], [-14, -94], [-4, -95], [4, -95], [14, -94], [23, -92], [32, -89], [41, -85], [49, -81]]

Input:[-104, 84]->[80, -64]
Output: [[-109, 64], [-110, 44], [-107, 25], [-102, 8], [-103, -1], [-102, -11], [-100, -21], [-97, -31], [-94, -41], [-89, -50], [-84, -59], [-77, -67], [-70, -74], [-62, -81], [-54, -87], [-45, -92], [-35, -96], [-26, -99], [-16, -101], [-5, -102], [4, -102], [14, -101], [24, -100], [34, -97], [44, -93], [53, -88], [61, -82], [69, -75], [76, -68]]

Input:[41, -140]->[122, -133]
Output: [[50, -144], [60, -147], [69, -149], [79, -150], [89, -150], [99, -149], [113, -141], [122, -133]]

Input:[-56, -99]->[-92, -5]
Output: [[-57, -89], [-56, -79], [-59, -71], [-66, -65], [-72, -58], [-78, -50], [-82, -42], [-86, -34], [-89, -25], [-91, -16], [-92, -6]]

Input:[-13, -42]->[132, 1]
Output: [[-14, -52], [-13, -62], [-12, -72], [-9, -82], [-5, -91], [-1, -100], [3, -109], [10, -116], [16, -124], [24, -130], [37, -127], [50, -122], [62, -117], [73, -110], [84, -102], [94, -93], [102, -83], [110, -72], [117, -61], [123, -49], [127, -37], [130, -24], [132, -10], [132, 1]]

Input:[64, -110]->[-70, 135]
Output: [[49, -126], [31, -139], [11, -149], [-7, -152], [-22, -151], [-37, -147], [-52, -143], [-66, -137], [-79, -130], [-92, -121], [-104, -111], [-114, -100], [-124, -88], [-132, -75], [-139, -62], [-144, -48], [-149, -33], [-151, -18], [-152, -3], [-152, 12], [-150, 27], [-146, 42], [-141, 56], [-135, 70], [-127, 83], [-118, 96], [-108, 107], [-97, 117], [-85, 126], [-72, 134]]

Input:[87, -26]->[21, -76]
Output: [[77, -27], [72, -32], [68, -39], [64, -46], [59, -52], [54, -58], [47, -63], [41, -67], [34, -71], [27, -74]]

Input:[47, 30]->[-17, -67]
Output: [[59, 26], [66, 20], [67, 13], [68, 6], [69, 0], [68, -7], [67, -13], [66, -20], [63, -27], [60, -33], [57, -39], [52, -44], [48, -49], [42, -54], [37, -58], [31, -61], [24, -64], [18, -66], [11, -68], [4, -69], [-2, -69], [-9, -68]]

Input:[123, 87]->[-148, -65]
Output: [[124, 97], [122, 107], [110, 119], [98, 129], [84, 138], [70, 146], [55, 153], [39, 157], [24, 161], [7, 162], [-8, 162], [-24, 160], [-40, 157], [-56, 152], [-71, 146], [-85, 138], [-98, 129], [-111, 118], [-122, 107], [-132, 94], [-141, 80], [-148, 66], [-154, 51], [-158, 35], [-161, 19], [-162, 3], [-162, -13], [-160, -29], [-156, -45], [-151, -60]]

Input:[-124, 25]->[109, -119]
Output: [[-132, 20], [-140, 14], [-148, 8], [-154, 0], [-160, -7], [-160, -21], [-157, -37], [-153, -53], [-147, -68], [-139, -82], [-130, -96], [-120, -108], [-109, -120], [-96, -130], [-83, -139], [-68, -147], [-53, -153], [-38, -157], [-22, -160], [-5, -162], [10, -162], [26, -160], [42, -156], [57, -151], [72, -145], [86, -137], [99, -127], [109, -119]]

You are a waypoint generator from the starting coordinates (first 2 values) to the goal (last 2 values). The robot has two arms of lengths 1.0 and 1.0 and operates on an X,Y plane. Give the trajectory to follow in JSON format with the key 'waypoints'.You can space out the waypoints
Input:[133, 59]->[-67, 55]
